	cup_plate	cup_spoon	plate_spoon
n_components	1	1	1
weights	[1.]	[1.]	[1.]
means	[[0.2458     0.1432     0.         0.37244077 0.37209302 1.76190476]]	[[0.3478     0.1474     0.         2.         0.4        3.52380952]]	[[1.020e-01 4.200e-03 0.000e+00 5.370e+00 1.075e+00 2.000e+00]]
covars	"[[[ 1.27360000e-04 -3.95960000e-04  0.00000000e+00 -3.40795479e-06
    3.54371110e-33  2.83496888e-32]
  [-3.95960000e-04  1.43476000e-03  0.00000000e+00  1.48837209e-05
    2.00296714e-33  1.60237371e-32]
  [ 0.00000000e+00  0.00000000e+00  1.00000000e-06  0.00000000e+00
    0.00000000e+00  0.00000000e+00]
  [-3.40795479e-06  1.48837209e-05  0.00000000e+00  1.48372161e-06
    3.08148791e-33  2.46519033e-32]
  [ 3.54371110e-33  2.00296714e-33  0.00000000e+00  3.08148791e-33
    1.00000000e-06  2.46519033e-32]
  [ 2.83496888e-32  1.60237371e-32  0.00000000e+00  2.46519033e-32
    2.46519033e-32  1.00000000e-06]]]"	"[[[ 1.36360000e-04 -1.63200000e-05  0.00000000e+00  3.69778549e-32
    4.62223187e-33  7.39557099e-32]
  [-1.63200000e-05  1.53840000e-04  0.00000000e+00  1.10933565e-32
    1.38666956e-33  2.21867130e-32]
  [ 0.00000000e+00  0.00000000e+00  1.00000000e-06  0.00000000e+00
    0.00000000e+00  0.00000000e+00]
  [ 3.69778549e-32  1.10933565e-32  0.00000000e+00  1.00000000e-06
    2.46519033e-32  3.94430453e-31]
  [ 4.62223187e-33  1.38666956e-33  0.00000000e+00  2.46519033e-32
    1.00000000e-06  4.93038066e-32]
  [ 7.39557099e-32  2.21867130e-32  0.00000000e+00  3.94430453e-31
    4.93038066e-32  1.00000000e-06]]]"	"[[[ 4.94000000e-05 -8.51000000e-05  0.00000000e+00 -3.00000000e-05
    6.16297582e-33  1.23259516e-32]
  [-8.51000000e-05  1.59956000e-03  0.00000000e+00  1.81000000e-04
    9.24446373e-34  1.84889275e-33]
  [ 0.00000000e+00  0.00000000e+00  1.00000000e-06  0.00000000e+00
    0.00000000e+00  0.00000000e+00]
  [-3.00000000e-05  1.81000000e-04  0.00000000e+00  1.01000000e-04
    1.57772181e-31  3.15544362e-31]
  [ 6.16297582e-33  9.24446373e-34  0.00000000e+00  1.57772181e-31
    1.00000000e-06  9.86076132e-32]
  [ 1.23259516e-32  1.84889275e-33  0.00000000e+00  3.15544362e-31
    9.86076132e-32  1.00000000e-06]]]"
