	cup	spoon	plate
n-components	1	1	1
weights	[1.]	[1.]	[1.]
means	[[0.458  0.2461 0.     0.08   0.08   0.074 ]]	[[0.1102 0.0987 0.     0.04   0.2    0.021 ]]	[[0.2122 0.1029 0.     0.2148 0.215  0.042 ]]
covars	"[[[ 9.18000000e-05 -8.78000000e-05  0.00000000e+00  1.15555797e-33
    1.15555797e-33  1.15555797e-33]
  [-8.78000000e-05  1.44490000e-04  0.00000000e+00  2.31111593e-34
    2.31111593e-34  2.31111593e-34]
  [ 0.00000000e+00  0.00000000e+00  1.00000000e-06  0.00000000e+00
    0.00000000e+00  0.00000000e+00]
  [ 1.15555797e-33  2.31111593e-34  0.00000000e+00  1.00000000e-06
    1.92592994e-34  1.92592994e-34]
  [ 1.15555797e-33  2.31111593e-34  0.00000000e+00  1.92592994e-34
    1.00000000e-06  1.92592994e-34]
  [ 1.15555797e-33  2.31111593e-34  0.00000000e+00  1.92592994e-34
    1.92592994e-34  1.00000000e-06]]]"	"[[[4.25600000e-05 4.77600000e-05 0.00000000e+00 5.77778983e-35
   4.62223187e-34 2.88889492e-35]
  [4.77600000e-05 2.15010000e-04 0.00000000e+00 4.81482486e-35
   3.85185989e-34 2.40741243e-35]
  [0.00000000e+00 0.00000000e+00 1.00000000e-06 0.00000000e+00
   0.00000000e+00 0.00000000e+00]
  [5.77778983e-35 4.81482486e-35 0.00000000e+00 1.00000000e-06
   3.85185989e-34 2.40741243e-35]
  [4.62223187e-34 3.85185989e-34 0.00000000e+00 3.85185989e-34
   1.00000000e-06 1.92592994e-34]
  [2.88889492e-35 2.40741243e-35 0.00000000e+00 2.40741243e-35
   1.92592994e-34 1.00000000e-06]]]"	"[[[ 4.61600000e-05 -1.05980000e-04  0.00000000e+00 -5.60000000e-07
    3.38963670e-33  4.23704588e-34]
  [-1.05980000e-04  8.03690000e-04  0.00000000e+00  7.18000000e-06
    1.30963236e-33  1.63704045e-34]
  [ 0.00000000e+00  0.00000000e+00  1.00000000e-06  0.00000000e+00
    0.00000000e+00  0.00000000e+00]
  [-5.60000000e-07  7.18000000e-06  0.00000000e+00  1.16000000e-06
    1.84889275e-33  2.31111593e-34]
  [ 3.38963670e-33  1.30963236e-33  0.00000000e+00  1.84889275e-33
    1.00000000e-06  3.85185989e-34]
  [ 4.23704588e-34  1.63704045e-34  0.00000000e+00  2.31111593e-34
    3.85185989e-34  1.00000000e-06]]]"
